26 62
78 13
65 48
43 15
4 89
88 75
43 5
77 83
8 68
31 77
29 17
16 1
48 44
88 20
99 41
57 15
32 80
21 63
15 21
73 99
44 70
93 37
66 68
47 13
3 51
34 95
78 80
24 96
94 25
40 45
69 61
55 34
25 76
81 5
32 87
24 74
31 23
4 93
84 39
78 22
13 92
26 60
7 17
29 32
80 47
51 69
85 27
47 67
99 21
24 5
3 35
69 9
92 41
95 73
15 82
75 47
4 89
37 65
19 13
32 3
14 13
51 34
50 72
53 17
48 49
80 6
98 80
22 35
65 29
88 93
19 63
38 30
5 9
84 61
47 71
18 62
13 38
9 85
77 26
60 57
79 76
10 65
44 3
40 40
94 10
61 34
25 27
70 25
82 26
40 13
31 5
16 13
23 73
93 61
10 1
54 98
16 77
61 33
69 27
70 68
97 58
97 51
41 30
31 96
57 25
16 97
92 51
7 16
72 79
6 84
74 85
97 67
41 50
58 92
6 22
79 36
6 2
91 87
35 94
71 13
62 46
14 40
68 25
39 56
15 72
10 62
88 17
50 93
85 59
93 20
81 97
97 64
36 65
63 41
34 72
6 4
48 6
39 4
54 41
82 26
71 36
78 65
37 16
42 7
74 19
87 23
38 27
0 36
3 34
41 38
80 73
90 47
87 33
82 17
6 20
77 86
28 49
77 53
48 90
39 27
8 63
37 51
12 75
71 77
34 2
66 61
83 81
41 80
95 52
10 51
63 19
76 6
96 3
42 46
47 80
72 94
89 31
13 3
5 74
87 0
58 89
56 44
37 53
31 12
0 81
40 60
70 30
70 64
51 43
98 58
38 55
49 6
19 34
83 64
5 85
37 31
36 26
14 77
21 57
34 16
40 97
45 74
44 6
39 40
52 42
20 11
62 71
76 35
99 99
97 60
50 48
95 80
21 50
70 7
80 83
0 85
62 37
47 6
55 83
59 29
54 93
6 91
48 99
32 28
4 82
33 98
1 35
43 41
10 23
21 29
17 95
4 7
84 31
1 46
1 6
4 20
33 6
75 84
20 16
11 85
39 98
49 20
95 44
56 89
36 86
3 23
61 10
48 82
39 15
90 55
88 34
97 12
13 96
77 85
32 62
95 68
33 85
12 36
10 58
68 34
86 5
90 23
34 28
76 57
64 24
59 53
31 10
73 25
29 75
12 33
80 48
53 29
54 81
15 49
62 40
67 67
39 36
38 2
71 61
7 51
33 56
10 66
3 52
78 74
17 46
50 81
17 80
70 53
89 78
12 57
89 63
58 27
91 72
25 89
40 43
41 39
5 42
86 40
8 94
19 50
74 95
43 15
80 87
48 5
10 11
57 22
97 51
10 76
90 60
85 69
58 94
65 11
46 39
65 0
30 16
46 89
38 80
93 37
31 30
58 29
73 41
70 54
17 60
42 82
74 70
18 46
64 33
55 99
42 40
52 43
73 15
95 90
74 55
23 40
49 27
33 34
7 94
84 64
77 99
75 63
86 23
56 31
66 18
55 20
93 6
66 30
2 23
47 98
79 89
96 49
75 29
28 2
74 24
34 24
46 95
1 7
61 73
16 32
87 44
61 99
42 8
19 33
30 75
10 67
96 78
66 4
69 13
7 91
72 21
68 75
41 44
54 34
97 68
11 62
11 93
77 46
83 11
93 59
49 63
23 62
38 30
41 97
86 85
39 23
76 99
37 60
21 0
66 78
92 45
12 92
74 11
50 54
18 25
68 19
34 70
2 62
90 60
99 7
21 86
24 44
30 88
17 95
21 25
51 92
14 8
66 63
5 1
84 16
78 2
87 92
62 74
42 7
86 62
22 66
61 16
87 67
13 87
94 2
34 84
44 46
96 80
86 89
88 49
92 42
61 41
80 91
66 91
49 40
79 83
63 83
92 31
79 62
15 29
52 90
16 26
61 85
92 63
74 3
27 76
89 23
94 73
66 99
42 26
0 97
34 51
4 0
63 2
84 59
27 5
56 99
0 31
77 64
20 85
42 19
26 30
54 58
21 52
36 67
66 75
73 26
92 41
12 76
35 21
66 3
32 20
48 69
84 40
17 12
18 42
62 46
31 94
41 83
50 0
40 19
36 93
68 58
8 12
43 22
47 32
11 15
88 58
91 77
5 18
67 30
16 88
61 53
97 66
35 29
8 9
5 76
1 93
13 51
7 36
18 3
66 79
45 48
53 76
47 52
13 35
51 84